float avg[35]= {
-15.540072441101074218750000000000000000000000000,
-8.096250534057617187500000000000000000000000000,
3.218216896057128906250000000000000000000000000,
2.742805957794189453125000000000000000000000000,
4.520822048187255859375000000000000000000000000,
-1.631039500236511230468750000000000000000000000,
-0.390187293291091918945312500000000000000000000,
-0.649650037288665771484375000000000000000000000,
1.742756605148315429687500000000000000000000000,
0.572844922542572021484375000000000000000000000,
-0.756938457489013671875000000000000000000000000,
-1.758913755416870117187500000000000000000000000,
-0.350545853376388549804687500000000000000000000,
-0.637624621391296386718750000000000000000000000,
-0.342328816652297973632812500000000000000000000,
0.307578146457672119140625000000000000000000000,
0.726272523403167724609375000000000000000000000,
7.443822860717773437500000000000000000000000000,
11.314467430114746093750000000000000000000000000,
-0.475410968065261840820312500000000000000000000,
1.778016209602355957031250000000000000000000000,
-6.151861667633056640625000000000000000000000000,
1.240852117538452148437500000000000000000000000,
-0.259462714195251464843750000000000000000000000,
2.392406702041625976562500000000000000000000000,
-1.169911623001098632812500000000000000000000000,
-1.329783439636230468750000000000000000000000000,
-1.001975297927856445312500000000000000000000000,
1.408367872238159179687500000000000000000000000,
-0.287078738212585449218750000000000000000000000,
0.295295774936676025390625000000000000000000000,
0.649906933307647705078125000000000000000000000,
0.418694406747817993164062500000000000000000000,
171.606719970703125000000000000000000000000000000,
3091.416992187500000000000000000000000000000000000};