float maxval[35]= {
11.546582221984863281250000000000000000000000000,
6.808314800262451171875000000000000000000000000,
26.183908462524414062500000000000000000000000000,
16.383436203002929687500000000000000000000000000,
18.595783233642578125000000000000000000000000000,
11.644175529479980468750000000000000000000000000,
9.940577507019042968750000000000000000000000000,
6.033263683319091796875000000000000000000000000,
12.842803955078125000000000000000000000000000000,
6.563578605651855468750000000000000000000000000,
4.666304588317871093750000000000000000000000000,
3.284421920776367187500000000000000000000000000,
4.240950584411621093750000000000000000000000000,
2.336435317993164062500000000000000000000000000,
2.541329860687255859375000000000000000000000000,
3.953255414962768554687500000000000000000000000,
3.158696413040161132812500000000000000000000000,
46.074771881103515625000000000000000000000000000,
34.248653411865234375000000000000000000000000000,
20.770029067993164062500000000000000000000000000,
13.854107856750488281250000000000000000000000000,
20.988733291625976562500000000000000000000000000,
11.954005241394042968750000000000000000000000000,
10.470476150512695312500000000000000000000000000,
18.183597564697265625000000000000000000000000000,
7.012555122375488281250000000000000000000000000,
6.411528587341308593750000000000000000000000000,
8.129248619079589843750000000000000000000000000,
7.630220890045166015625000000000000000000000000,
3.591729402542114257812500000000000000000000000,
7.747559070587158203125000000000000000000000000,
7.929653644561767578125000000000000000000000000,
4.937871456146240234375000000000000000000000000,
324.000000000000000000000000000000000000000000000,
4960.194824218750000000000000000000000000000000000};