float minval[35]= {
-44.439537048339843750000000000000000000000000000,
-22.743661880493164062500000000000000000000000000,
-13.754119873046875000000000000000000000000000000,
-10.287133216857910156250000000000000000000000000,
-10.702477455139160156250000000000000000000000000,
-12.184878349304199218750000000000000000000000000,
-10.849239349365234375000000000000000000000000000,
-12.092263221740722656250000000000000000000000000,
-2.887915849685668945312500000000000000000000000,
-3.869247674942016601562500000000000000000000000,
-8.112163543701171875000000000000000000000000000,
-5.363242149353027343750000000000000000000000000,
-5.092201232910156250000000000000000000000000000,
-8.058927536010742187500000000000000000000000000,
-4.061172008514404296875000000000000000000000000,
-2.903545379638671875000000000000000000000000000,
-1.793758511543273925781250000000000000000000000,
-27.800817489624023437500000000000000000000000000,
-8.848950386047363281250000000000000000000000000,
-31.529314041137695312500000000000000000000000000,
-10.827342033386230468750000000000000000000000000,
-27.889701843261718750000000000000000000000000000,
-14.654036521911621093750000000000000000000000000,
-22.032840728759765625000000000000000000000000000,
-5.555191516876220703125000000000000000000000000,
-13.935482978820800781250000000000000000000000000,
-13.573184967041015625000000000000000000000000000,
-9.120554924011230468750000000000000000000000000,
-4.846524715423583984375000000000000000000000000,
-5.659850597381591796875000000000000000000000000,
-5.143401145935058593750000000000000000000000000,
-3.932439804077148437500000000000000000000000000,
-4.972858428955078125000000000000000000000000000,
47.571430206298828125000000000000000000000000000,
1440.518188476562500000000000000000000000000000000};